,"h,h","h,v","h,d","h,a","h,r","h,l","v,h","v,v","v,d","v,a","v,r","v,l","d,h","d,v","d,d","d,a","d,r","d,l","a,h","a,v","a,d","a,a","a,r","a,l","r,h","r,v","r,d","r,a","r,r","r,l","l,h","l,v","l,d","l,a","l,r","l,l"
"h,h",1.0909090909090908,1.0792020647488882,1.0792061024049175,1.0790935897147302,1.0780084316845269,1.080442551859891,1.0796757552512695,1.067590242600331,1.074525796063616,1.0805935407422023,1.0794880038918593,1.0698668401958396,1.0804327442015413,1.0762330469594912,0.5837852996049706,0.4493826890033541,1.0782989349317926,1.0720849610036711,1.0751628231742705,1.0807877926938152,0.4497328768440956,0.5830448349767957,1.07615793696235,1.0787997363536093,1.0792610593508654,1.0726311847073124,1.076749858302009,1.0809228510518807,0.5861930648414937,0.445675926260228,1.069514006809944,1.0805093895647093,1.0801047949589835,1.0784543832029718,0.4493535948259318,0.5826012956330546
"h,v",1.0792020647488882,1.090909090909091,1.090414677800947,1.09034769335889,1.090365505682273,1.0902609385639908,1.0904209723956209,1.071502756338677,1.0887857188667787,1.0891803006814966,1.0848512023821368,1.0859586507123489,1.089082006430155,1.0898656150370247,0.5334464171309221,0.5123847671283884,1.082093573144618,1.0875745365060707,1.0889892713424012,1.09025247332663,0.5127045638325393,0.5326835126584115,1.0897247284614018,1.0902698946653575,1.0843137856431098,1.08805467075946,1.0895748476587235,1.0901576195603417,0.5359345067543624,0.5087555878974747,1.0855372628629103,1.088301469606562,1.0894944446888508,1.0901546992299531,0.5122929248304938,0.5321789802432466
"h,d",1.0792061024049175,1.090414677800947,1.0909090909090908,1.0903716035704547,1.0904155388527066,1.0902382264258592,1.0904445649907228,1.0719764449810616,1.0889636670767295,1.0890443865486084,1.084588021279592,1.086229103417585,1.0889503405794467,1.08996089344702,0.5311084031630608,0.5147455600414108,1.0817533442469711,1.0877956207118602,1.0891582839010647,1.0902293182554086,0.5150718078998489,0.5303389909609251,1.0898434861366022,1.0903051137693458,1.0840305137890955,1.0882530875757843,1.089718165338168,1.0901709904187453,0.533593174313346,0.5111293994725616,1.0858174708541113,1.0881267654359916,1.0893589083941537,1.090198565453445,0.5146636070326579,0.5298322077354509
"h,a",1.0790935897147302,1.09034769335889,1.0903716035704547,1.090909090909091,1.0903281242695881,1.090235083142419,1.0903937821010676,1.071341113071081,1.0887116376345003,1.0891686671099077,1.084867934601275,1.0858666329469955,1.0890755766223257,1.0898136779436758,0.5338467462017344,0.5119218907054792,1.082109785455804,1.08749962632265,1.088918571783987,1.0902239431847098,0.5122469811501433,0.5331005209901357,1.0896855844848354,1.0902209686294109,1.0843296026294054,1.087990302177108,1.0895439200550276,1.0901152759429587,0.5363492758920494,0.508299633769749,1.08543482387501,1.0882919442153425,1.0894518031469138,1.0901261072162007,0.511837505851053,0.53259425725691
"h,r",1.0780084316845269,1.090365505682273,1.0904155388527066,1.0903281242695881,1.0909090909090906,1.0899845114850455,1.090383525906716,1.0728009490928136,1.089563274413361,1.088369941063456,1.0832816377683279,1.0872648881455362,1.0882640244635544,1.090297902750142,0.5204330744017395,0.5254822684160586,1.0801814792986746,1.0886204168339682,1.0897216627342838,1.0899633140030813,0.5258067157740606,0.5196584921565066,1.0902086828092075,1.090366296419437,1.082675748895559,1.0890070409062136,1.090056930451991,1.0900196618623648,0.5229297059608442,0.5218919201422159,1.0868942524301994,1.087285818920954,1.0887993901324093,1.090259958593049,0.525398129157427,0.5191455070045453
"h,l",1.080442551859891,1.0902609385639908,1.0902382264258592,1.090235083142419,1.0899845114850455,1.0909090909090908,1.0903269762604177,1.0697013959540351,1.0876868806483593,1.0899674906831698,1.086592608822098,1.0841974884679886,1.0898956348018911,1.0891699774161339,0.5493734434420134,0.4960896648180003,1.0842251498140443,1.0861472659517184,1.0879438324655444,1.0904591364458698,0.4964183744335933,0.5486230868700178,1.0890056999546092,1.0899704274057354,1.0861241210240942,1.0867510828619475,1.088887631392084,1.0901751159169368,0.551843882124514,0.4924359752552844,1.0837119191549967,1.089337522089933,1.090088920278584,1.0898816308653614,0.49600627620283655,0.5481228235337574
"v,h",1.0796757552512695,1.0904209723956209,1.0904445649907228,1.0903937821010676,1.090383525906716,1.0903269762604177,1.0909090909090908,1.0718186019346998,1.0887828418659058,1.0892580711547524,1.0849900266081152,1.0859259625950384,1.0891632037981311,1.0898602618095399,0.5344465047375785,0.5113881772268376,1.0822457420754232,1.0875491102410677,1.088995649347039,1.0903240813662334,0.5117145891062657,0.5336792667794059,1.0897357125873586,1.0902952016913852,1.0844535011564251,1.0880256411913543,1.0896229995142814,1.0902379809180003,0.5369287470367994,0.5077634387454124,1.08549976755008,1.0883885311315793,1.0895311189877552,1.0901880403591875,0.5113066268478026,0.5331750433967644
"v,v",1.067590242600331,1.071502756338677,1.0719764449810616,1.071341113071081,1.0728009490928136,1.0697013959540351,1.0718186019346998,1.0909090909090906,1.0769463202977916,1.0635351702527487,1.0529739172889472,1.0790166185666201,1.0631108264126121,1.0741457856464018,0.4196073402067549,0.6082131859826743,1.0476861926852261,1.0776968038715522,1.0770633397098177,1.069906633891863,0.6085493456417828,0.4187060895317819,1.0744571572805885,1.0728233895763064,1.051946076835009,1.0767762421395024,1.0752071782956372,1.072351587501934,0.4221342851886971,0.6048242361277485,1.0793331873451744,1.0608503145825432,1.0646478188235127,1.0721184607459855,0.6082136315518272,0.4182197355872809
"v,d",1.074525796063616,1.0887857188667787,1.0889636670767295,1.0887116376345003,1.089563274413361,1.0876868806483593,1.0887828418659058,1.0769463202977916,1.0909090909090908,1.0846123837787303,1.0772367763776853,1.0896988861792787,1.084439139436861,1.0900212642535627,0.4814702513886141,0.5633621313078059,1.0731948414176768,1.0901703477925624,1.090394516523396,1.0876549598877392,0.5636818122928671,0.4807097580171247,1.0900443186381144,1.0892931015006717,1.076439646708078,1.0902491972043324,1.0899501571343617,1.088304250107357,0.48405451039085445,0.559855693102694,1.0895174074502143,1.082907214649337,1.0854265302952815,1.089035570607506,0.5632834448080895,0.4801954497505321
"v,a",1.0805935407422023,1.0891803006814966,1.0890443865486084,1.0891686671099077,1.088369941063456,1.0899674906831698,1.0892580711547524,1.0635351702527487,1.0846123837787303,1.0909090909090908,1.089211817771586,1.0797513236931815,1.090657617101737,1.0869778858060393,0.5809269389393077,0.4629892978784278,1.0876653314744438,1.082428016734408,1.0849560730274985,1.0899941004895406,0.46332601571004256,0.5801490240625726,1.0867349420725956,1.0884781189298245,1.0889056584884234,1.0833236013382144,1.0865501218780313,1.0892129470314604,0.5833027816975425,0.45928972642242255,1.079119457119965,1.090567767061902,1.0904822894963753,1.0885089914867585,0.46290057578623645,0.579651227569449
"v,r",1.0794880038918593,1.0848512023821368,1.084588021279592,1.084867934601275,1.0832816377683279,1.086592608822098,1.0849900266081152,1.0529739172889472,1.0772367763776853,1.089211817771586,1.0909090909090908,1.0703575655226905,1.089269289222797,1.0809385427430183,0.6279841775721191,0.4111710171555008,1.0904042366658455,1.0740654723886562,1.0777439655414467,1.086649837810822,0.4115162636262666,0.627240547237681,1.0805564326614778,1.0836270997378836,1.0906154395656316,1.0753710444511184,1.0803419258886648,1.0852066498117776,0.630296565107433,0.4073907394154462,1.0695058585754658,1.0899000482657755,1.0885303661561205,1.0837398128922935,0.41107861451803474,0.6267621073455036
"v,l",1.0698668401958396,1.0859586507123489,1.086229103417585,1.0858666329469955,1.0872648881455362,1.0841974884679886,1.0859259625950384,1.0790166185666201,1.0896988861792787,1.0797513236931815,1.0703575655226905,1.0909090909090908,1.0795313817814902,1.088405953151849,0.4454595130910402,0.597061859981356,1.0654273707804625,1.0902317194022966,1.0896485456330482,1.0841648120635514,0.5973671269950142,0.44466630864702517,1.0885385312430413,1.0868252296134973,1.0693982596397773,1.0899968884463462,1.088490969839375,1.085277277350071,0.4480638610089454,0.5936217252281701,1.090478803181667,1.0775076776041934,1.080915241024691,1.0865415126474312,0.5969818741054811,0.4441389695651231
"d,h",1.0804327442015413,1.089082006430155,1.0889503405794467,1.0890755766223257,1.0882640244635544,1.0898956348018911,1.0891632037981311,1.0631108264126121,1.084439139436861,1.090657617101737,1.089269289222797,1.0795313817814902,1.0909090909090908,1.0868499207999311,0.5820506980260076,0.4617377218597547,1.0877538160812317,1.082235011291965,1.0847862797873808,1.0899195913494646,0.46207038129354283,0.5812814094268242,1.0866014983318304,1.0883803701784143,1.0889665105127446,1.083148795327625,1.0864082274402773,1.0891196282397166,0.5844324843303943,0.45803280132827895,1.0788953553826992,1.0905757994297272,1.0904645708100842,1.0884020604895819,0.4616431439194569,0.5807837611788421
"d,v",1.0762330469594912,1.0898656150370247,1.08996089344702,1.0898136779436758,1.090297902750142,1.0891699774161339,1.0898602618095399,1.0741457856464018,1.0900212642535627,1.0869778858060393,1.0809385427430183,1.088405953151849,1.0868499207999311,1.0909090909090908,0.5042123028442045,0.5414344088716445,1.0774397786447802,1.0894177803638467,1.0901374563320265,1.089137442717648,0.5417568710068668,0.5034489486105864,1.0903135540726416,1.0900633244308815,1.0802529457223469,1.0896936939993715,1.090157485764501,1.0893990201882673,0.5067495718481834,0.5378814181961784,1.0881064651183845,1.085640740127464,1.0875765029448554,1.0899159754686996,0.5413513522783706,0.5029331741779961
"d,d",0.5837852996049706,0.5334464171309221,0.5311084031630608,0.5338467462017344,0.5204330744017395,0.5493734434420134,0.5344465047375785,0.4196073402067549,0.4814702513886141,0.5809269389393077,0.6279841775721191,0.4454595130910402,0.5820506980260076,0.5042123028442045,1.0909090909090908,-0.589419175438997,0.6476835713540132,0.4640086734131676,0.48417520202622255,0.5500099225381199,-0.5889858141767973,1.0907856700234588,0.501976349885999,0.5241946699474249,0.6318122250341263,0.4709884577086435,0.5017473669206791,0.5388514461675569,1.0912158323992596,-0.5928234830853506,0.44163971070829044,0.5937482492879225,0.572546469842633,0.5257250872077133,-0.5894944520818637,1.0907894268802374
"d,a",0.4493826890033541,0.5123847671283884,0.5147455600414108,0.5119218907054792,0.5254822684160586,0.4960896648180003,0.5113881772268376,0.6082131859826743,0.5633621313078059,0.4629892978784278,0.4111710171555008,0.597061859981356,0.4617377218597547,0.5414344088716445,-0.589419175438997,1.090909090909091,0.38856424311998417,0.5799140600419583,0.5608231102709729,0.49547740439983484,1.090633518830584,-0.5904040478688095,0.5436197604964941,0.5215824649622096,0.406779524474278,0.5733687721961586,0.5436827687180583,0.506663030442581,-0.5869627038751442,1.090476618722608,0.6005560964164367,0.44915195537761055,0.47178345162383556,0.5199794834152649,1.090487260459599,-0.5908980385105678
"d,r",1.0782989349317926,1.082093573144618,1.0817533442469711,1.082109785455804,1.0801814792986746,1.0842251498140443,1.0822457420754232,1.0476861926852261,1.0731948414176768,1.0876653314744438,1.0904042366658455,1.0654273707804625,1.0877538160812317,1.0774397786447802,0.6476835713540132,0.38856424311998417,1.0909090909090913,1.0695952269432607,1.07375984192158,1.0843034822438398,0.38891914355618434,0.646955928603512,1.0770119156548594,1.0806135363294311,1.090438597684992,1.0710592627538627,1.0768145737190076,1.0825886564683227,0.649963538709986,0.3847547604575938,1.0644924185115392,1.0886893446287447,1.0867539566320414,1.0807674956083386,0.3884789487787821,0.646481973479226
"d,l",1.0720849610036711,1.0875745365060707,1.0877956207118602,1.08749962632265,1.0886204168339682,1.0861472659517184,1.0875491102410677,1.0776968038715522,1.0901703477925624,1.082428016734408,1.0740654723886562,1.0902317194022966,1.082235011291965,1.0894177803638467,0.4640086734131676,0.5799140600419583,1.0695952269432607,1.0909090909090908,1.090182161813432,1.086103480366937,0.5802266857973138,0.4632198654506009,1.0894865550944581,1.0882450070630145,1.073195057941497,1.0902977113004186,1.0893895433323841,1.086945547475835,0.4665913213761829,0.5764404963584853,1.0901185705195822,1.0804626914029347,1.0834175877131897,1.0879922093149728,0.5798336392838801,0.46269902204627034
"a,h",1.0751628231742705,1.0889892713424012,1.0891582839010647,1.088918571783987,1.0897216627342838,1.0879438324655444,1.088995649347039,1.0770633397098177,1.090394516523396,1.0849560730274985,1.0777439655414467,1.0896485456330482,1.0847862797873808,1.0901374563320265,0.48417520202622255,0.5608231102709729,1.07375984192158,1.090182161813432,1.0909090909090908,1.0879230279037246,0.5611418868778316,0.48340944990258905,1.090159942703853,1.0894564397268502,1.0769621517074888,1.090266139340263,1.0900821954790303,1.0885358960969318,0.4867484043579371,0.5573076478820512,1.0894641302760326,1.0832965878379563,1.085739454249416,1.0892241042563031,0.5607455008724682,0.48289430396998356
"a,v",1.0807877926938152,1.09025247332663,1.0902293182554086,1.0902239431847098,1.0899633140030813,1.0904591364458698,1.0903240813662334,1.069906633891863,1.0876549598877392,1.0899941004895406,1.086649837810822,1.0841648120635514,1.0899195913494646,1.089137442717648,0.5500099225381199,0.49547740439983484,1.0843034822438398,1.086103480366937,1.0879230279037246,1.0909090909090908,0.49580837057174565,0.549242726598586,1.0889741450023398,1.0899612720892093,1.0861882512915306,1.0867008694629534,1.088874018013684,1.0901980304435748,0.5524642345984229,0.4918230695403215,1.083671592175941,1.0893711166648605,1.0901035959876375,1.089863848294693,0.495397267840575,0.5487447338134483
"a,d",0.4497328768440956,0.5127045638325393,0.5150718078998489,0.5122469811501433,0.5258067157740606,0.4964183744335933,0.5117145891062657,0.6085493456417828,0.5636818122928671,0.46332601571004256,0.4115162636262666,0.5973671269950142,0.46207038129354283,0.5417568710068668,-0.5889858141767973,1.090633518830584,0.38891914355618434,0.5802266857973138,0.5611418868778316,0.49580837057174565,1.0909090909090908,-0.5899695352673393,0.5439387821057007,0.5219029224714407,0.4071318177460519,0.5736803902538683,0.5440009077223712,0.5069818702958586,-0.5865287339929776,1.0906250779103845,0.6008645574752249,0.44949672461840706,0.4721262437029444,0.5203131021261773,1.0906366077710758,-0.5904637969642402
"a,a",0.5830448349767957,0.5326835126584115,0.5303389909609251,0.5331005209901357,0.5196584921565066,0.5486230868700178,0.5336792667794059,0.4187060895317819,0.4807097580171247,0.5801490240625726,0.627240547237681,0.44466630864702517,0.5812814094268242,0.5034489486105864,1.0907856700234588,-0.5904040478688095,0.646955928603512,0.4632198654506009,0.48340944990258905,0.549242726598586,-0.5899695352673393,1.0909090909090913,0.5011942695402442,0.5233967445312584,0.6310652897720668,0.4701973160387637,0.5009316222862434,0.5380370105332957,1.0909011513919302,-0.5938067057306241,0.44082490014849807,0.592979830917721,0.5717831257445422,0.5249769837752711,-0.5904781801213792,1.0904737449543367
"a,r",1.07615793696235,1.0897247284614018,1.0898434861366022,1.0896855844848354,1.0902086828092075,1.0890056999546092,1.0897357125873586,1.0744571572805885,1.0900443186381144,1.0867349420725956,1.0805564326614778,1.0885385312430413,1.0866014983318304,1.0903135540726416,0.501976349885999,0.5436197604964941,1.0770119156548594,1.0894865550944581,1.090159942703853,1.0889741450023398,0.5439387821057007,0.5011942695402442,1.0909090909090908,1.0899702806494225,1.0798671846507477,1.089738945396908,1.090133574767558,1.089274301331078,0.5045006486663027,0.5400678253996173,1.0882463645691316,1.0853613548289656,1.0873530237379683,1.0898113000869576,0.5435344791028329,0.5006801125853859
"a,l",1.0787997363536093,1.0902698946653575,1.0903051137693458,1.0902209686294109,1.090366296419437,1.0899704274057354,1.0902952016913852,1.0728233895763064,1.0892931015006717,1.0884781189298245,1.0836270997378836,1.0868252296134973,1.0883803701784143,1.0900633244308815,0.5241946699474249,0.5215824649622096,1.0806135363294311,1.0882450070630145,1.0894564397268502,1.0899612720892093,0.5219029224714407,0.5233967445312584,1.0899702806494225,1.0909090909090908,1.083030462801751,1.0886374655660833,1.0898590222898608,1.0900017881901054,0.5266610595886144,0.517976798546663,1.0864606084862238,1.0874576002328418,1.0888697947499821,1.090113755144913,0.521495535243133,0.5228857630918109
"r,h",1.0792610593508654,1.0843137856431098,1.0840305137890955,1.0843296026294054,1.082675748895559,1.0861241210240942,1.0844535011564251,1.051946076835009,1.076439646708078,1.0889056584884234,1.0906154395656316,1.0693982596397773,1.0889665105127446,1.0802529457223469,0.6318122250341263,0.406779524474278,1.090438597684992,1.073195057941497,1.0769621517074888,1.0861882512915306,0.4071318177460519,0.6310652897720668,1.0798671846507477,1.083030462801751,1.0909090909090908,1.0745288005146887,1.0796638773917433,1.0846985374026363,0.6341120158837734,0.4029976962274071,1.0685241656548166,1.0896545548836296,1.088169553338504,1.0831539101739964,0.4066944562010699,0.6305878387847417
"r,v",1.0726311847073124,1.08805467075946,1.0882530875757843,1.087990302177108,1.0890070409062136,1.0867510828619475,1.0880256411913543,1.0767762421395024,1.0902491972043324,1.0833236013382144,1.0753710444511184,1.0899968884463462,1.083148795327625,1.0896936939993715,0.4709884577086435,0.5733687721961586,1.0710592627538627,1.0902977113004186,1.090266139340263,1.0867008694629534,0.5736803902538683,0.4701973160387637,1.089738945396908,1.0886374655660833,1.0745288005146887,1.0909090909090908,1.0896150354588658,1.0874109726744,0.4735549974621164,0.569879261293095,1.0898480594599738,1.0814726692038799,1.084254286756389,1.0884141075974352,0.5732840825887024,0.46967507668214525
"r,d",1.076749858302009,1.0895748476587235,1.089718165338168,1.0895439200550276,1.090056930451991,1.088887631392084,1.0896229995142814,1.0752071782956372,1.0899501571343617,1.0865501218780313,1.0803419258886648,1.088490969839375,1.0864082274402773,1.090157485764501,0.5017473669206791,0.5436827687180583,1.0768145737190076,1.0893895433323841,1.0900821954790303,1.088874018013684,0.5440009077223712,0.5009316222862434,1.090133574767558,1.0898590222898608,1.0796638773917433,1.0896150354588658,1.0909090909090913,1.089238883052194,0.5042414380630942,0.5401291961516819,1.0882124326396283,1.0851672554072287,1.087157671234654,1.0896735444914674,0.5435986307433941,0.5004215979133194
"r,a",1.0809228510518807,1.0901576195603417,1.0901709904187453,1.0901152759429587,1.0900196618623648,1.0901751159169368,1.0902379809180003,1.072351587501934,1.088304250107357,1.0892129470314604,1.0852066498117776,1.085277277350071,1.0891196282397166,1.0893990201882673,0.5388514461675569,0.506663030442581,1.0825886564683227,1.086945547475835,1.0885358960969318,1.0901980304435748,0.5069818702958586,0.5380370105332957,1.089274301331078,1.0900017881901054,1.0846985374026363,1.0874109726744,1.089238883052194,1.0909090909090908,0.5412812976648891,0.5030152384712523,1.0848562242719777,1.0884130367276856,1.0894293126348757,1.089863271491664,0.5065778946700374,0.5375390551181707
"r,r",0.5861930648414937,0.5359345067543624,0.533593174313346,0.5363492758920494,0.5229297059608442,0.551843882124514,0.5369287470367994,0.4221342851886971,0.48405451039085445,0.5833027816975425,0.630296565107433,0.4480638610089454,0.5844324843303943,0.5067495718481834,1.0912158323992596,-0.5869627038751442,0.649963538709986,0.4665913213761829,0.4867484043579371,0.5524642345984229,-0.5865287339929776,1.0909011513919302,0.5045006486663027,0.5266610595886144,0.6341120158837734,0.4735549974621164,0.5042414380630942,0.5412812976648891,1.090909090909091,-0.5903711915844916,0.44423142703561946,0.5961076653141097,0.5749510669569604,0.5282392714674173,-0.587037118842574,1.0909049664568782
"r,l",0.445675926260228,0.5087555878974747,0.5111293994725616,0.508299633769749,0.5218919201422159,0.4924359752552844,0.5077634387454124,0.6048242361277485,0.559855693102694,0.45928972642242255,0.4073907394154462,0.5936217252281701,0.45803280132827895,0.5378814181961784,-0.5928234830853506,1.090476618722608,0.3847547604575938,0.5764404963584853,0.5573076478820512,0.4918230695403215,1.0906250779103845,-0.5938067057306241,0.5400678253996173,0.517976798546663,0.4029976962274071,0.569879261293095,0.5401291961516819,0.5030152384712523,-0.5903711915844916,1.0909090909090908,0.5971283470150663,0.4454356009846341,0.46810860835052126,0.516384045342816,1.0904806200781794,-0.5942999041719792
"l,h",1.069514006809944,1.0855372628629103,1.0858174708541113,1.08543482387501,1.0868942524301994,1.0837119191549967,1.08549976755008,1.0793331873451744,1.0895174074502143,1.079119457119965,1.0695058585754658,1.090478803181667,1.0788953553826992,1.0881064651183845,0.44163971070829044,0.6005560964164367,1.0644924185115392,1.0901185705195822,1.0894641302760326,1.083671592175941,0.6008645574752249,0.44082490014849807,1.0882463645691316,1.0864606084862238,1.0685241656548166,1.0898480594599738,1.0882124326396283,1.0848562242719777,0.44423142703561946,0.5971283470150663,1.0909090909090913,1.0768151842029838,1.0803206890269337,1.0861418579126325,0.6004799347279717,0.44030016714850095
"l,v",1.0805093895647093,1.088301469606562,1.0881267654359916,1.0882919442153425,1.087285818920954,1.089337522089933,1.0883885311315793,1.0608503145825432,1.082907214649337,1.090567767061902,1.0899000482657755,1.0775076776041934,1.0905757994297272,1.085640740127464,0.5937482492879225,0.44915195537761055,1.0886893446287447,1.0804626914029347,1.0832965878379563,1.0893711166648605,0.44949672461840706,0.592979830917721,1.0853613548289656,1.0874576002328418,1.0896545548836296,1.0814726692038799,1.0851672554072287,1.0884130367276856,0.5961076653141097,0.4454356009846341,1.0768151842029838,1.0909090909090908,1.090248467811088,1.0875025236331308,0.4490671238306869,0.5924869242216906
"l,d",1.0801047949589835,1.0894944446888508,1.0893589083941537,1.0894518031469138,1.0887993901324093,1.090088920278584,1.0895311189877552,1.0646478188235127,1.0854265302952815,1.0904822894963753,1.0885303661561205,1.080915241024691,1.0904645708100842,1.0875765029448554,0.572546469842633,0.47178345162383556,1.0867539566320414,1.0834175877131897,1.085739454249416,1.0901035959876375,0.4721262437029444,0.5717831257445422,1.0873530237379683,1.0888697947499821,1.088169553338504,1.084254286756389,1.087157671234654,1.0894293126348757,0.5749510669569604,0.46810860835052126,1.0803206890269337,1.090248467811088,1.0909090909090913,1.0888730207219015,0.47170084002504953,0.5712806762956693
"l,a",1.0784543832029718,1.0901546992299531,1.090198565453445,1.0901261072162007,1.090259958593049,1.0898816308653614,1.0901880403591875,1.0721184607459855,1.089035570607506,1.0885089914867585,1.0837398128922935,1.0865415126474312,1.0884020604895819,1.0899159754686996,0.5257250872077133,0.5199794834152649,1.0807674956083386,1.0879922093149728,1.0892241042563031,1.089863848294693,0.5203131021261773,0.5249769837752711,1.0898113000869576,1.090113755144913,1.0831539101739964,1.0884141075974352,1.0896735444914674,1.089863271491664,0.5282392714674173,0.516384045342816,1.0861418579126325,1.0875025236331308,1.0888730207219015,1.0909090909090913,0.5199048472591972,0.5244675278305362
"l,r",0.4493535948259318,0.5122929248304938,0.5146636070326579,0.511837505851053,0.525398129157427,0.49600627620283655,0.5113066268478026,0.6082136315518272,0.5632834448080895,0.46290057578623645,0.41107861451803474,0.5969818741054811,0.4616431439194569,0.5413513522783706,-0.5894944520818637,1.090487260459599,0.3884789487787821,0.5798336392838801,0.5607455008724682,0.495397267840575,1.0906366077710758,-0.5904781801213792,0.5435344791028329,0.521495535243133,0.4066944562010699,0.5732840825887024,0.5435986307433941,0.5065778946700374,-0.587037118842574,1.0904806200781794,0.6004799347279717,0.4490671238306869,0.47170084002504953,0.5199048472591972,1.090909090909091,-0.5909723062283906
"l,l",0.5826012956330546,0.5321789802432466,0.5298322077354509,0.53259425725691,0.5191455070045453,0.5481228235337574,0.5331750433967644,0.4182197355872809,0.4801954497505321,0.579651227569449,0.6267621073455036,0.4441389695651231,0.5807837611788421,0.5029331741779961,1.0907894268802374,-0.5908980385105678,0.646481973479226,0.46269902204627034,0.48289430396998356,0.5487447338134483,-0.5904637969642402,1.0904737449543367,0.5006801125853859,0.5228857630918109,0.6305878387847417,0.46967507668214525,0.5004215979133194,0.5375390551181707,1.0909049664568782,-0.5942999041719792,0.44030016714850095,0.5924869242216906,0.5712806762956693,0.5244675278305362,-0.5909723062283906,1.090909090909091
