1.000000000000000000e+00,9.879788184797956285e-01,9.881767812213575475e-01,9.880027210529185311e-01,9.874419568137494663e-01,9.893303593964104525e-01,9.885874433722591226e-01,9.849085987193907377e-01,9.839633050443823414e-01,9.907340564713614794e-01,9.897041336980325621e-01,9.797848765218347689e-01,9.904862849793496515e-01,9.854770525611322718e-01,5.348861368028702268e-01,4.114766626089090273e-01,9.885441949005000506e-01,9.815665793409492634e-01,9.845493620118166422e-01,9.895841904265019195e-01,4.117361529598002612e-01,5.343565644659638014e-01,9.852559870699170164e-01,9.880953786993339483e-01,9.894905571788081833e-01,9.817808648992303322e-01,9.863204282594285610e-01,9.899998315234626034e-01,5.373887321199647404e-01,4.078367303505272545e-01,9.793682656572549883e-01,9.905586811546542858e-01,9.901283679750136901e-01,9.873222490107462779e-01,4.114368008385898001e-01,5.340375426613745979e-01
9.879788184797956285e-01,1.000000000000000000e+00,9.999759335313468389e-01,9.999660945368128440e-01,9.998955605179734585e-01,9.998421204394974948e-01,9.999795583199532212e-01,9.806978188683158626e-01,9.984786653482962127e-01,9.986639804774718465e-01,9.947076648625355899e-01,9.958458530757560156e-01,9.986021057693135194e-01,9.995040155912869873e-01,4.887439154849014811e-01,4.693266917582328279e-01,9.921614680629161631e-01,9.973805106637495532e-01,9.986408839658135195e-01,9.997940853079542167e-01,4.696752383959598709e-01,4.879258212842597087e-01,9.993782432590556652e-01,9.997660778357446709e-01,9.941964199997354035e-01,9.978676825352376101e-01,9.991220281796228120e-01,9.996264079018074566e-01,4.909842015021486095e-01,4.660425714892451610e-01,9.954211024385345441e-01,9.978568135333963918e-01,9.989560931967195190e-01,9.997395905864100429e-01,4.692528653259026017e-01,4.874468586219978250e-01
9.881767812213575475e-01,9.999759335313468389e-01,1.000000000000000000e+00,9.999284226152472810e-01,9.999160593847356004e-01,9.997916229518072351e-01,9.999607869706912400e-01,9.813749073767982223e-01,9.985939271916757232e-01,9.985421037423428681e-01,9.944355487294954665e-01,9.960830638541489090e-01,9.984506422828789418e-01,9.995576338206181299e-01,4.865820165348981874e-01,4.715082418148072163e-01,9.918712220410468294e-01,9.975383240264761309e-01,9.987626266653379936e-01,9.997522643343763615e-01,4.718479542294162221e-01,4.857718364860842963e-01,9.993991454623345483e-01,9.998155650706836983e-01,9.939262950770036964e-01,9.979891415736613647e-01,9.991252067421456662e-01,9.996555068791856957e-01,4.888390391869049112e-01,4.682118679116368809e-01,9.956832197506092497e-01,9.976999803813149104e-01,9.989100499342029593e-01,9.997297481545502906e-01,4.714214974417398341e-01,4.852984221133793130e-01
9.880027210529185311e-01,9.999660945368128440e-01,9.999284226152472810e-01,1.000000000000000000e+00,9.998637343200005301e-01,9.998292596700534274e-01,9.999619345583172780e-01,9.805021605190317180e-01,9.984968961659385078e-01,9.986069373946112604e-01,9.947268499280123022e-01,9.957290765063229188e-01,9.985579373884425625e-01,9.995007266440564253e-01,4.891422200302891210e-01,4.689094284089542763e-01,9.921803200595106231e-01,9.973437980697854588e-01,9.986270995688035779e-01,9.997698163327736198e-01,4.692537029781049251e-01,4.882842680612710096e-01,9.993599844592447878e-01,9.996009260834252119e-01,9.942441697557943270e-01,9.977929047289844089e-01,9.990560266249809418e-01,9.994342936009764644e-01,4.913411990438438237e-01,4.656164311010831947e-01,9.952618143264549966e-01,9.978320359517816041e-01,9.988931586166163168e-01,9.998064930908621140e-01,4.688426617929815077e-01,4.878009616323585318e-01
9.874419568137494663e-01,9.998955605179734585e-01,9.999160593847356004e-01,9.998637343200005301e-01,1.000000000000000000e+00,9.995182530704014301e-01,9.998796000650556071e-01,9.825239618402524799e-01,9.991387076212873142e-01,9.978855566788469300e-01,9.932291624442134426e-01,9.969967663282303105e-01,9.977944514768863904e-01,9.998338776974005082e-01,4.767769983383142729e-01,4.813677904209529013e-01,9.903890186595466494e-01,9.982781989589224469e-01,9.992706533266352276e-01,9.994844335364667653e-01,4.817087054856694639e-01,4.759532392147172719e-01,9.997445086049294716e-01,9.998073819698450881e-01,9.926679616172060516e-01,9.986653119827962888e-01,9.995148843668110183e-01,9.994754287774192392e-01,4.790388099531474042e-01,4.780988653105122110e-01,9.966392793148418638e-01,9.968998505333324101e-01,9.983172430184494850e-01,9.997840253551830703e-01,4.812927831511420451e-01,4.754740547030176789e-01
9.893303593964104525e-01,9.998421204394974948e-01,9.997916229518072351e-01,9.998292596700534274e-01,9.995182530704014301e-01,1.000000000000000000e+00,9.998579656222360557e-01,9.792494949169223695e-01,9.974360039471722450e-01,9.993712357136174118e-01,9.962863550976636118e-01,9.942085767256449991e-01,9.993264679148893270e-01,9.988304247385035861e-01,5.033839360526863871e-01,4.543697384459380872e-01,9.941439429014813367e-01,9.960083707232357808e-01,9.976542631872595823e-01,9.999426492563279201e-01,4.547139701683403090e-01,5.025655789761837022e-01,9.986425855518962225e-01,9.994664850045765769e-01,9.958492380694456969e-01,9.966023490967677034e-01,9.983771599504256411e-01,9.995573982526838597e-01,5.056026293895891088e-01,4.510514772339202505e-01,9.937049474212916733e-01,9.988089942873803473e-01,9.995250150361223440e-01,9.994904041175104448e-01,4.542916441254857274e-01,5.020989456507443105e-01
9.885874433722591226e-01,9.999795583199532212e-01,9.999607869706912400e-01,9.999619345583172780e-01,9.998796000650556071e-01,9.998579656222360557e-01,1.000000000000000000e+00,9.812671131869864505e-01,9.984540465772352436e-01,9.987172895059385214e-01,9.948273670051790418e-01,9.957542162164081390e-01,9.986515266554804038e-01,9.994628997569612316e-01,4.896500030585408392e-01,4.684224602671804849e-01,9.923100865131966319e-01,9.973280855133738187e-01,9.986206008967720704e-01,9.998458898031057362e-01,4.687622954692984290e-01,4.888424925551483891e-01,9.993665844163595047e-01,9.997262547461134297e-01,9.943596535742711406e-01,9.977949691503728014e-01,9.991627036484216351e-01,9.996263383794935509e-01,4.918956771732347355e-01,4.651270593013138721e-01,9.953407545852743787e-01,9.979534546513759707e-01,9.989702603847050444e-01,9.997945283061304700e-01,4.683510440996376256e-01,4.883614078890644583e-01
9.849085987193905156e-01,9.806978188683158626e-01,9.813749073767982223e-01,9.805021605190317180e-01,9.825239618402524799e-01,9.792494949169223695e-01,9.812671131869864505e-01,1.000000000000000000e+00,9.857622646656118981e-01,9.751567109370917752e-01,9.653027862126345449e-01,9.880313058022970329e-01,9.746987852626233240e-01,9.832728804042308868e-01,3.839325740679551124e-01,5.573646391276578793e-01,9.605453479925307736e-01,9.864828716188968061e-01,9.860687518329744883e-01,9.796238046851498682e-01,5.575621363900360450e-01,3.834958742758157735e-01,9.836572218366136378e-01,9.829347837583288783e-01,9.643916662655043215e-01,9.856222483499694764e-01,9.850259272308541370e-01,9.821848372161049445e-01,3.868167182406519466e-01,5.540724778174690446e-01,9.885364185220262279e-01,9.726845479961068186e-01,9.760625733861956199e-01,9.816932512226925756e-01,5.573259569247763778e-01,3.831730962533059226e-01
9.839633050443823414e-01,9.984786653482962127e-01,9.985939271916757232e-01,9.984968961659385078e-01,9.991387076212873142e-01,9.974360039471722450e-01,9.984540465772352436e-01,9.857622646656118981e-01,1.000000000000000000e+00,9.944017074191072725e-01,9.877206905470661269e-01,9.991757434155021933e-01,9.942582833984964230e-01,9.996886382408058935e-01,4.409947898333745897e-01,5.162421279792551720e-01,9.839663770985217495e-01,9.998136123583444279e-01,9.999756203881834393e-01,9.973905050778945069e-01,5.165660694514406792e-01,4.401328271074323450e-01,9.996969533621689052e-01,9.986282781913544682e-01,9.870480658597383661e-01,9.998288961492883820e-01,9.994725516991064262e-01,9.977047209474689815e-01,4.432709154013306785e-01,5.130278679735836844e-01,9.989474429612870132e-01,9.928827462017278949e-01,9.951535277927361367e-01,9.987904353598879847e-01,5.161769680431590457e-01,4.396295648959375191e-01
9.907340564713614794e-01,9.986639804774718465e-01,9.985421037423428681e-01,9.986069373946112604e-01,9.978855566788469300e-01,9.993712357136174118e-01,9.987172895059385214e-01,9.751567109370919972e-01,9.944017074191072725e-01,1.000000000000000000e+00,9.986276452000174553e-01,9.900283944708243578e-01,9.999784251566737892e-01,9.965853659760119942e-01,5.323034524684984170e-01,4.239723551688585057e-01,9.972047423447063519e-01,9.924335069306656765e-01,9.947400194818125652e-01,9.994006126866306072e-01,4.243263805633147312e-01,5.315553175792506746e-01,9.963695623358364006e-01,9.980806637637817946e-01,9.983160487468317745e-01,9.932755000719211136e-01,9.962225539825848575e-01,9.988181574293754084e-01,5.345282425495546663e-01,4.205948876652873536e-01,9.894785302573007035e-01,9.998723890998238994e-01,9.998370338556317183e-01,9.979476539372851285e-01,4.238939112481445726e-01,5.311009965201329841e-01
9.897041336980325621e-01,9.947076648625355899e-01,9.944355487294954665e-01,9.947268499280123022e-01,9.932291624442134426e-01,9.962863550976636118e-01,9.948273670051790418e-01,9.653027862126345449e-01,9.877206905470661269e-01,9.986276452000174553e-01,1.000000000000000000e+00,9.813597935018383289e-01,9.986869260521805680e-01,9.910929790829200448e-01,5.755320331338894535e-01,3.764226993043170988e-01,9.997101673422840173e-01,9.848126288694923902e-01,9.881693500348858183e-01,9.963576800106292986e-01,3.767827542382115591e-01,5.747822124128466603e-01,9.907730774883264369e-01,9.935067351521812418e-01,9.999405130228025129e-01,9.859965583094392194e-01,9.906002024983920906e-01,9.950305404079820004e-01,5.776489498798038635e-01,3.729656979029042918e-01,9.805915742656541312e-01,9.992571707816831905e-01,9.979800287687586868e-01,9.936678861329016899e-01,3.763510866734556259e-01,5.743345966810567971e-01
9.797848765218347689e-01,9.958458530757560156e-01,9.960830638541489090e-01,9.957290765063229188e-01,9.969967663282303105e-01,9.942085767256449991e-01,9.957542162164081390e-01,9.880313058022970329e-01,9.991757434155021933e-01,9.900283944708243578e-01,9.813597935018383289e-01,1.000000000000000000e+00,9.898307295884789525e-01,9.980606587368224814e-01,4.079297510491253775e-01,5.471289447633791436e-01,9.768720404760606879e-01,9.996822129110999322e-01,9.991448165555407712e-01,9.940906987793658445e-01,5.474553500909410397e-01,4.071033479479732042e-01,9.981257397008593824e-01,9.966655384281084551e-01,9.804276757434277068e-01,9.995382994091803752e-01,9.979530773987930203e-01,9.951465206233420790e-01,4.103228992871584269e-01,5.440095200348132876e-01,9.999422748317050580e-01,9.879336806006429050e-01,9.911439276301073908e-01,9.962687310429833021e-01,5.470518140819856656e-01,4.066250026322446587e-01
9.904862849793496515e-01,9.986021057693135194e-01,9.984506422828789418e-01,9.985579373884425625e-01,9.977944514768863904e-01,9.993264679148893270e-01,9.986515266554804038e-01,9.746987852626233240e-01,9.942582833984964230e-01,9.999784251566737892e-01,9.986869260521805680e-01,9.898307295884789525e-01,1.000000000000000000e+00,9.964767899163090581e-01,5.334128136564835199e-01,4.227745954899649328e-01,9.972885509189294284e-01,9.922642351706060238e-01,9.946015149939962940e-01,9.993441011256583018e-01,4.231378360534134853e-01,5.326514078079749304e-01,9.962778301525062608e-01,9.979835366845464240e-01,9.983709188290165182e-01,9.931352734816107919e-01,9.960968374788373714e-01,9.986703265354019976e-01,5.356257782168778458e-01,4.194128971895494384e-01,9.892500587734132100e-01,9.998716472393067711e-01,9.997736389361771003e-01,9.979233332607788665e-01,4.227082025732455950e-01,5.322009254254650434e-01
9.854770525611322718e-01,9.995040155912869873e-01,9.995576338206181299e-01,9.995007266440564253e-01,9.998338776974005082e-01,9.988304247385035861e-01,9.994628997569612316e-01,9.832728804042308868e-01,9.996886382408058935e-01,9.965853659760119942e-01,9.910929790829200448e-01,9.980606587368224814e-01,9.964767899163090581e-01,1.000000000000000000e+00,4.618765662619879198e-01,4.960768449162512583e-01,9.878733982885038456e-01,9.991124032060750837e-01,9.997461152349051972e-01,9.987858934362430219e-01,4.964121878323309867e-01,4.610191233583479931e-01,9.999318223703608233e-01,9.994768779637088763e-01,9.904803558592242263e-01,9.993656475034620179e-01,9.996387688390778736e-01,9.988608020299545309e-01,4.641274601672447098e-01,4.928350720427391862e-01,9.977498576030530142e-01,9.953847157730763007e-01,9.971896301467841894e-01,9.995737785238945072e-01,4.960023660728351547e-01,4.605268035379134761e-01
5.348861368028702268e-01,4.887439154849014811e-01,4.865820165348981874e-01,4.891422200302891210e-01,4.767769983383142729e-01,5.033839360526863871e-01,4.896500030585408392e-01,3.839325740679551124e-01,4.409947898333746452e-01,5.323034524684985280e-01,5.755320331338894535e-01,4.079297510491253220e-01,5.334128136564835199e-01,4.618765662619878642e-01,1.000000000000000000e+00,-5.409690814972449857e-01,5.936013468295298079e-01,4.249511059970281779e-01,4.434586736799992490e-01,5.039369300068379243e-01,-5.406452883894313777e-01,9.999794971881288408e-01,4.598020021934780543e-01,4.801668618682059519e-01,5.790450021940027892e-01,4.313430321002067469e-01,4.595330481051727034e-01,4.935887773016880975e-01,9.999791576954325523e-01,-5.440953339709296843e-01,4.043878833698354991e-01,5.441337193061821509e-01,5.246166689228762836e-01,4.816912014973955269e-01,-5.410389090653885402e-01,9.999779016030052592e-01
4.114766626089090273e-01,4.693266917582328279e-01,4.715082418148072163e-01,4.689094284089542763e-01,4.813677904209529013e-01,4.543697384459380872e-01,4.684224602671804849e-01,5.573646391276578793e-01,5.162421279792551720e-01,4.239723551688585057e-01,3.764226993043170988e-01,5.471289447633791436e-01,4.227745954899649328e-01,4.960768449162512583e-01,-5.409690814972450967e-01,1.000000000000000000e+00,3.556925630602137955e-01,5.314147484581736025e-01,5.139114230696112395e-01,4.538128604472245753e-01,9.999971942220060583e-01,-5.417352173928069448e-01,4.980691926768874844e-01,4.777830158126882276e-01,3.724003754015817735e-01,5.254043864847108836e-01,4.981205410511740928e-01,4.640833668903933673e-01,-5.387835865567627280e-01,9.999850857630062650e-01,5.503391022858359349e-01,4.112495356988751238e-01,4.320653753909871053e-01,4.763084934670294146e-01,9.999964499589665268e-01,-5.421933410549258925e-01
9.885441949005000506e-01,9.921614680629161631e-01,9.918712220410468294e-01,9.921803200595106231e-01,9.903890186595466494e-01,9.941439429014813367e-01,9.923100865131966319e-01,9.605453479925307736e-01,9.839663770985217495e-01,9.972047423447063519e-01,9.997101673422840173e-01,9.768720404760606879e-01,9.972885509189294284e-01,9.878733982885038456e-01,5.936013468295299189e-01,3.556925630602137955e-01,1.000000000000000000e+00,9.806508978632466622e-01,9.845092320911094097e-01,9.942086459070536009e-01,3.560460146737242648e-01,5.928561489704325949e-01,9.874514807917257331e-01,9.908260806543099930e-01,9.997448948036304905e-01,9.820206586670339188e-01,9.871957767881341939e-01,9.925915772588876917e-01,5.956929064192556522e-01,3.522069449051754009e-01,9.760142625354497614e-01,9.981687918242856394e-01,9.964365527195346850e-01,9.910063434214755329e-01,3.556042430172600133e-01,5.924311190337026023e-01
9.815665793409492634e-01,9.973805106637495532e-01,9.975383240264761309e-01,9.973437980697854588e-01,9.982781989589224469e-01,9.960083707232357808e-01,9.973280855133738187e-01,9.864828716188966951e-01,9.998136123583444279e-01,9.924335069306656765e-01,9.848126288694923902e-01,9.996822129110999322e-01,9.922642351706060238e-01,9.991124032060750837e-01,4.249511059970281779e-01,5.314147484581736025e-01,9.806508978632466622e-01,1.000000000000000000e+00,9.997531332831509632e-01,9.959979639127647388e-01,5.317415265416403081e-01,4.241179341329375241e-01,9.992082080458279947e-01,9.977567877648834127e-01,9.840663681448782452e-01,9.999158857482542961e-01,9.990379709657575269e-01,9.966108820597178175e-01,4.272750491533744976e-01,5.282410039612708275e-01,9.995684563128531819e-01,9.906568924027616685e-01,9.933266084214746883e-01,9.977778758716400187e-01,5.313507752636409398e-01,4.236061315140099426e-01
9.845493620118166422e-01,9.986408839658135195e-01,9.987626266653379936e-01,9.986270995688035779e-01,9.992706533266352276e-01,9.976542631872595823e-01,9.986206008967720704e-01,9.860687518329744883e-01,9.999756203881834393e-01,9.947400194818125652e-01,9.881693500348858183e-01,9.991448165555407712e-01,9.946015149939962940e-01,9.997461152349051972e-01,4.434586736799992490e-01,5.139114230696112395e-01,9.845092320911094097e-01,9.997531332831509632e-01,1.000000000000000000e+00,9.976146750976485622e-01,5.142355123601560773e-01,4.426131104925037363e-01,9.997471874633080402e-01,9.988805035808019372e-01,9.874767702221447507e-01,9.998319315036977573e-01,9.995343269720449175e-01,9.979690504550043917e-01,4.457605153152152666e-01,5.107004560424273087e-01,9.989327640139149533e-01,9.932508952111223088e-01,9.954980568911866445e-01,9.989275828350643316e-01,5.138413889086227426e-01,4.421250542331734978e-01
9.895841904265019195e-01,9.997940853079542167e-01,9.997522643343763615e-01,9.997698163327736198e-01,9.994844335364667653e-01,9.999426492563279201e-01,9.998458898031057362e-01,9.796238046851498682e-01,9.973905050778945069e-01,9.994006126866306072e-01,9.963576800106292986e-01,9.940906987793658445e-01,9.993441011256583018e-01,9.987858934362430219e-01,5.039369300068379243e-01,4.538128604472245753e-01,9.942086459070536009e-01,9.959979639127647388e-01,9.976146750976485622e-01,1.000000000000000000e+00,4.541517597619354474e-01,5.031572481177263301e-01,9.986751374456044328e-01,9.994165981422548084e-01,9.959787383899648683e-01,9.965817710567841381e-01,9.985003348291140446e-01,9.996139881248495840e-01,5.061807584432019835e-01,4.504811639196429907e-01,9.936631570774516753e-01,9.988758431220043921e-01,9.995280365288516933e-01,9.995051562998077399e-01,4.537378831611930674e-01,5.026814673208033213e-01
4.117361529598002612e-01,4.696752383959598709e-01,4.718479542294162221e-01,4.692537029781049251e-01,4.817087054856694639e-01,4.547139701683403090e-01,4.687622954692984290e-01,5.575621363900360450e-01,5.165660694514406792e-01,4.243263805633147312e-01,3.767827542382115591e-01,5.474553500909410397e-01,4.231378360534134853e-01,4.964121878323309867e-01,-5.406452883894313777e-01,9.999971942220060583e-01,3.560460146737242648e-01,5.317415265416403081e-01,5.142355123601560773e-01,4.541517597619354474e-01,1.000000000000000000e+00,-5.414125242510032798e-01,4.984084208526780024e-01,4.781302479663611660e-01,3.727510412366343839e-01,5.257390842607625459e-01,4.984583621776791929e-01,4.644329714732688408e-01,-5.384597791486341878e-01,9.999852590924510620e-01,5.506572942320351327e-01,4.115959703512382384e-01,4.324053965496399421e-01,4.766329089052260826e-01,9.999973336056666717e-01,-5.418702929533654178e-01
5.343565644659638014e-01,4.879258212842597087e-01,4.857718364860842963e-01,4.882842680612710096e-01,4.759532392147172719e-01,5.025655789761837022e-01,4.888424925551483891e-01,3.834958742758157735e-01,4.401328271074323450e-01,5.315553175792506746e-01,5.747822124128466603e-01,4.071033479479732042e-01,5.326514078079749304e-01,4.610191233583479931e-01,9.999794971881288408e-01,-5.417352173928069448e-01,5.928561489704325949e-01,4.241179341329375241e-01,4.426131104925037363e-01,5.031572481177263301e-01,-5.414125242510032798e-01,1.000000000000000000e+00,4.589832472574176814e-01,4.794103438324543998e-01,5.783079195660975058e-01,4.305143466997453650e-01,4.587953897644574397e-01,4.929064222954237517e-01,9.999889615937558318e-01,-5.448610798596814631e-01,4.036044090945701268e-01,5.433862075693063343e-01,5.238319103206257044e-01,4.808262338052941565e-01,-5.418065285761773930e-01,9.999954342570577248e-01
9.852559870699170164e-01,9.993782432590556652e-01,9.993991454623345483e-01,9.993599844592447878e-01,9.997445086049294716e-01,9.986425855518962225e-01,9.993665844163595047e-01,9.836572218366136378e-01,9.996969533621689052e-01,9.963695623358364006e-01,9.907730774883264369e-01,9.981257397008593824e-01,9.962778301525062608e-01,9.999318223703608233e-01,4.598020021934780543e-01,4.980691926768874844e-01,9.874514807917257331e-01,9.992082080458279947e-01,9.997471874633080402e-01,9.986751374456044328e-01,4.984084208526780024e-01,4.589832472574176814e-01,1.000000000000000000e+00,9.993613754553128947e-01,9.901878609321483893e-01,9.994580495355752658e-01,9.998448003150957053e-01,9.987680134012049127e-01,4.620769247811704616e-01,4.948452803211521589e-01,9.978741791185947729e-01,9.951624832744858651e-01,9.968811309258260867e-01,9.995232492157885007e-01,4.980126088355957825e-01,4.584760425171751086e-01
9.880953786993339483e-01,9.997660778357446709e-01,9.998155650706836983e-01,9.996009260834252119e-01,9.998073819698450881e-01,9.994664850045765769e-01,9.997262547461134297e-01,9.829347837583288783e-01,9.986282781913544682e-01,9.980806637637817946e-01,9.935067351521812418e-01,9.966655384281084551e-01,9.979835366845464240e-01,9.994768779637088763e-01,4.801668618682059519e-01,4.777830158126882276e-01,9.908260806543099930e-01,9.977567877648834127e-01,9.988805035808019372e-01,9.994165981422548084e-01,4.781302479663611660e-01,4.794103438324543998e-01,9.993613754553128947e-01,1.000000000000000000e+00,9.928498081819545629e-01,9.982883028496267741e-01,9.991860647297623466e-01,9.996986348270754386e-01,4.825175439176415115e-01,4.745336839609827773e-01,9.963702659827986530e-01,9.970806758252181989e-01,9.985442805530160282e-01,9.994577183983250901e-01,4.776905351339594263e-01,4.789678538169901967e-01
9.894905571788081833e-01,9.941964199997354035e-01,9.939262950770036964e-01,9.942441697557943270e-01,9.926679616172060516e-01,9.958492380694456969e-01,9.943596535742711406e-01,9.643916662655043215e-01,9.870480658597383661e-01,9.983160487468317745e-01,9.999405130228025129e-01,9.804276757434277068e-01,9.983709188290165182e-01,9.904803558592242263e-01,5.790450021940027892e-01,3.724003754015817735e-01,9.997448948036304905e-01,9.840663681448782452e-01,9.874767702221447507e-01,9.959787383899648683e-01,3.727510412366343839e-01,5.783079195660975058e-01,9.901878609321483893e-01,9.928498081819545629e-01,1.000000000000000000e+00,9.852151835189496554e-01,9.900353700175814620e-01,9.944900676852669319e-01,5.811441045089839053e-01,3.689179747180782454e-01,9.796427973645750464e-01,9.990606215348067920e-01,9.975760011833867402e-01,9.932150070426469801e-01,3.723292212064443496e-01,5.778420755101730810e-01
9.817808648992303322e-01,9.978676825352376101e-01,9.979891415736613647e-01,9.977929047289844089e-01,9.986653119827962888e-01,9.966023490967677034e-01,9.977949691503728014e-01,9.856222483499694764e-01,9.998288961492883820e-01,9.932755000719211136e-01,9.859965583094392194e-01,9.995382994091803752e-01,9.931352734816107919e-01,9.993656475034620179e-01,4.313430321002067469e-01,5.254043864847108836e-01,9.820206586670339188e-01,9.999158857482542961e-01,9.998319315036977573e-01,9.965817710567841381e-01,5.257390842607625459e-01,4.305143466997453650e-01,9.994580495355752658e-01,9.982883028496267741e-01,9.852151835189496554e-01,1.000000000000000000e+00,9.992577140428953175e-01,9.971419789745054052e-01,4.336762555707133204e-01,5.222510970682969766e-01,9.994239421880137808e-01,9.915955302780578018e-01,9.941624303114220407e-01,9.982077287437147728e-01,5.253358256865028331e-01,4.300186864091586347e-01
9.863204282594285610e-01,9.991220281796228120e-01,9.991252067421456662e-01,9.990560266249809418e-01,9.995148843668110183e-01,9.983771599504256411e-01,9.991627036484216351e-01,9.850259272308541370e-01,9.994725516991064262e-01,9.962225539825848575e-01,9.906002024983920906e-01,9.979530773987931314e-01,9.960968374788373714e-01,9.996387688390778736e-01,4.595330481051727034e-01,4.981205410511740928e-01,9.871957767881341939e-01,9.990379709657575269e-01,9.995343269720449175e-01,9.985003348291140446e-01,4.984583621776791929e-01,4.587953897644574397e-01,9.998448003150957053e-01,9.991860647297623466e-01,9.900353700175814620e-01,9.992577140428953175e-01,1.000000000000000000e+00,9.988351314436572093e-01,4.618677317765877977e-01,4.948865381814029907e-01,9.977883148676477409e-01,9.950010192580156509e-01,9.965686286394066506e-01,9.991768471397621809e-01,4.980782559566915291e-01,4.582722631390098167e-01
9.899998315234626034e-01,9.996264079018074566e-01,9.996555068791856957e-01,9.994342936009764644e-01,9.994754287774192392e-01,9.995573982526838597e-01,9.996263383794935509e-01,9.821848372161049445e-01,9.977047209474689815e-01,9.988181574293754084e-01,9.950305404079820004e-01,9.951465206233420790e-01,9.986703265354019976e-01,9.988608020299545309e-01,4.935887773016880975e-01,4.640833668903933673e-01,9.925915772588876917e-01,9.966108820597178175e-01,9.979690504550043917e-01,9.996139881248495840e-01,4.644329714732688408e-01,4.929064222954237517e-01,9.987680134012049127e-01,9.996986348270754386e-01,9.944900676852669319e-01,9.971419789745054052e-01,9.988351314436572093e-01,1.000000000000000000e+00,4.959565317389647565e-01,4.607589275972469034e-01,9.948553811294887916e-01,9.979969180829217912e-01,9.990181489707318230e-01,9.989850197644635221e-01,4.639949031507846211e-01,4.924405070752309599e-01
5.373887321199647404e-01,4.909842015021486095e-01,4.888390391869049112e-01,4.913411990438438237e-01,4.790388099531474042e-01,5.056026293895891088e-01,4.918956771732347355e-01,3.868167182406518911e-01,4.432709154013306785e-01,5.345282425495546663e-01,5.776489498798038635e-01,4.103228992871584269e-01,5.356257782168778458e-01,4.641274601672447098e-01,9.999791576954325523e-01,-5.387835865567627280e-01,5.956929064192556522e-01,4.272750491533744976e-01,4.457605153152152666e-01,5.061807584432019835e-01,-5.384597791486341878e-01,9.999889615937558318e-01,4.620769247811704616e-01,4.825175439176415115e-01,5.811441045089839053e-01,4.336762555707133204e-01,4.618677317765877977e-01,4.959565317389647565e-01,1.000000000000000000e+00,-5.419138660950688635e-01,4.068264399549769705e-01,5.463259361417001081e-01,5.268493610516079562e-01,4.839043756862963508e-01,-5.388565321179913381e-01,9.999913452017710203e-01
4.078367303505272545e-01,4.660425714892451610e-01,4.682118679116368809e-01,4.656164311010831947e-01,4.780988653105122110e-01,4.510514772339202505e-01,4.651270593013138721e-01,5.540724778174690446e-01,5.130278679735836844e-01,4.205948876652873536e-01,3.729656979029042918e-01,5.440095200348132876e-01,4.194128971895494384e-01,4.928350720427391862e-01,-5.440953339709296843e-01,9.999850857630062650e-01,3.522069449051754009e-01,5.282410039612708275e-01,5.107004560424273087e-01,4.504811639196429907e-01,9.999852590924510620e-01,-5.448610798596814631e-01,4.948452803211521589e-01,4.745336839609827773e-01,3.689179747180782454e-01,5.222510970682969766e-01,4.948865381814029907e-01,4.607589275972469034e-01,-5.419138660950688635e-01,1.000000000000000000e+00,5.472259803665845412e-01,4.078489382218594694e-01,4.286982210623085932e-01,4.730461678385045055e-01,9.999849644040185170e-01,-5.453153173704562429e-01
9.793682656572549883e-01,9.954211024385345441e-01,9.956832197506092497e-01,9.952618143264549966e-01,9.966392793148418638e-01,9.937049474212916733e-01,9.953407545852743787e-01,9.885364185220262279e-01,9.989474429612870132e-01,9.894785302573007035e-01,9.805915742656541312e-01,9.999422748317050580e-01,9.892500587734132100e-01,9.977498576030530142e-01,4.043878833698355546e-01,5.503391022858359349e-01,9.760142625354497614e-01,9.995684563128531819e-01,9.989327640139149533e-01,9.936631570774516753e-01,5.506572942320351327e-01,4.036044090945701268e-01,9.978741791185947729e-01,9.963702659827986530e-01,9.796427973645750464e-01,9.994239421880137808e-01,9.977883148676477409e-01,9.948553811294887916e-01,4.068264399549769705e-01,5.472259803665845412e-01,1.000000000000000000e+00,9.873303147943450764e-01,9.906638483154192043e-01,9.958834496199235886e-01,5.502556652113972380e-01,4.031260849320835726e-01
9.905586811546542858e-01,9.978568135333963918e-01,9.976999803813149104e-01,9.978320359517816041e-01,9.968998505333324101e-01,9.988089942873803473e-01,9.979534546513759707e-01,9.726845479961068186e-01,9.928827462017278949e-01,9.998723890998238994e-01,9.992571707816831905e-01,9.879336806006429050e-01,9.998716472393067711e-01,9.953847157730763007e-01,5.441337193061821509e-01,4.112495356988751238e-01,9.981687918242856394e-01,9.906568924027616685e-01,9.932508952111223088e-01,9.988758431220043921e-01,4.115959703512382384e-01,5.433862075693063343e-01,9.951624832744858651e-01,9.970806758252181989e-01,9.990606215348067920e-01,9.915955302780578018e-01,9.950010192580156509e-01,9.979969180829217912e-01,5.463259361417001081e-01,4.078489382218594694e-01,9.873303147943450764e-01,1.000000000000000000e+00,9.995760033009659651e-01,9.971535445978324530e-01,4.111689055041463647e-01,5.429280805679052024e-01
9.901283679750136901e-01,9.989560931967195190e-01,9.989100499342029593e-01,9.988931586166163168e-01,9.983172430184494850e-01,9.995250150361223440e-01,9.989702603847050444e-01,9.760625733861956199e-01,9.951535277927361367e-01,9.998370338556317183e-01,9.979800287687586868e-01,9.911439276301073908e-01,9.997736389361771003e-01,9.971896301467841894e-01,5.246166689228762836e-01,4.320653753909870498e-01,9.964365527195346850e-01,9.933266084214746883e-01,9.954980568911866445e-01,9.995280365288516933e-01,4.324053965496399421e-01,5.238319103206257044e-01,9.968811309258260867e-01,9.985442805530160282e-01,9.975760011833867402e-01,9.941624303114220407e-01,9.965686286394066506e-01,9.990181489707318230e-01,5.268493610516078451e-01,4.286982210623085932e-01,9.906638483154192043e-01,9.995760033009659651e-01,1.000000000000000000e+00,9.983593994364838853e-01,4.319578699724931359e-01,5.234011646890893710e-01
9.873222490107462779e-01,9.997395905864100429e-01,9.997297481545502906e-01,9.998064930908621140e-01,9.997840253551830703e-01,9.994904041175104448e-01,9.997945283061304700e-01,9.816932512226925756e-01,9.987904353598879847e-01,9.979476539372851285e-01,9.936678861329016899e-01,9.962687310429833021e-01,9.979233332607788665e-01,9.995737785238945072e-01,4.816912014973955269e-01,4.763084934670294146e-01,9.910063434214755329e-01,9.977778758716400187e-01,9.989275828350643316e-01,9.995051562998077399e-01,4.766329089052260826e-01,4.808262338052941565e-01,9.995232492157885007e-01,9.994577183983250901e-01,9.932150070426469801e-01,9.982077287437147728e-01,9.991768471397621809e-01,9.989850197644635221e-01,4.839043756862963508e-01,4.730461678385045055e-01,9.958834496199235886e-01,9.971535445978324530e-01,9.983593994364838853e-01,1.000000000000000000e+00,4.762429884704835747e-01,4.803504773944730633e-01
4.114368008385898001e-01,4.692528653259026017e-01,4.714214974417398341e-01,4.688426617929815077e-01,4.812927831511420451e-01,4.542916441254857274e-01,4.683510440996376256e-01,5.573259569247763778e-01,5.161769680431590457e-01,4.238939112481445726e-01,3.763510866734556259e-01,5.470518140819856656e-01,4.227082025732455950e-01,4.960023660728351547e-01,-5.410389090653885402e-01,9.999964499589665268e-01,3.556042430172600133e-01,5.313507752636409398e-01,5.138413889086227426e-01,4.537378831611930674e-01,9.999973336056666717e-01,-5.418065285761773930e-01,4.980126088355957825e-01,4.776905351339594263e-01,3.723292212064443496e-01,5.253358256865028331e-01,4.980782559566915291e-01,4.639949031507846211e-01,-5.388565321179913381e-01,9.999849644040185170e-01,5.502556652113972380e-01,4.111689055041463647e-01,4.319578699724931359e-01,4.762429884704835747e-01,1.000000000000000000e+00,-5.422661755665406647e-01
5.340375426613745979e-01,4.874468586219978250e-01,4.852984221133793130e-01,4.878009616323585318e-01,4.754740547030176789e-01,5.020989456507443105e-01,4.883614078890644583e-01,3.831730962533058671e-01,4.396295648959375191e-01,5.311009965201329841e-01,5.743345966810567971e-01,4.066250026322446587e-01,5.322009254254650434e-01,4.605268035379134761e-01,9.999779016030052592e-01,-5.421933410549258925e-01,5.924311190337026023e-01,4.236061315140099426e-01,4.421250542331734978e-01,5.026814673208033213e-01,-5.418702929533654178e-01,9.999954342570577248e-01,4.584760425171751086e-01,4.789678538169901967e-01,5.778420755101730810e-01,4.300186864091586347e-01,4.582722631390098722e-01,4.924405070752309599e-01,9.999913452017710203e-01,-5.453153173704562429e-01,4.031260849320835726e-01,5.429280805679052024e-01,5.234011646890892600e-01,4.803504773944730633e-01,-5.422661755665406647e-01,1.000000000000000000e+00
