,"a,a","a,d","a,h","a,l","a,r","a,v","d,a","d,d","d,h","d,l","d,r","d,v","h,a","h,d","h,h","h,l","h,r","h,v","l,a","l,d","l,h","l,l","l,r","l,v","r,a","r,d","r,h","r,l","r,r","r,v","v,a","v,d","v,h","v,l","v,r","v,v"
"a,a",5210265280.5,-5489865139.5,-224476119.0,-246780817.5,-179356317.0,-35166904.5,-5453320141.5,5266511911.5,99631056.0,-223251147.0,219116866.5,-197118411.0,-24397359.0,-70435890.0,7502953.5,-11330991.0,-151284042.0,-100141461.0,-148272652.5,-171445039.5,-456251029.5,5088737850.0,-5365581522.0,74570170.5,-117291069.0,-191248753.5,297668196.0,-5646508434.0,5328526119.0,-396125320.5,57675765.0,-164503531.5,-83706420.0,-348912858.0,197526735.0,-9595614.0
"a,d",-5489865139.5,5784469240.5,236522241.0,260023882.5,188981163.0,37054075.5,5745963118.5,-5549130148.5,-104977584.0,235231533.0,-230875393.5,207696429.0,25706601.0,74215710.0,-7905586.5,11939049.0,159402438.0,105515379.0,156229447.5,180645340.5,480734950.5,-5361816150.0,5653516158.0,-78571849.5,123585291.0,201511786.5,-313642044.0,5949518526.0,-5614472241.0,417382699.5,-60770835.0,173331328.5,88198380.0,367636662.0,-208126665.0,10110546.0
"a,h",-224476119.0,236522241.0,9671202.0,10632165.0,7727286.0,1515111.0,234947757.0,-226899417.0,-4292448.0,9618426.0,-9440307.0,8492538.0,1051122.0,3034620.0,-323253.0,488178.0,6517836.0,4314438.0,6388095.0,7386441.0,19656861.0,-219240300.0,231167676.0,-3212739.0,5053302.0,8239653.0,-12824568.0,243270972.0,-229571202.0,17066439.0,-2484870.0,7087377.0,3606360.0,15032364.0,-8510130.0,413412.0
"a,l",-246780817.5,260023882.5,10632165.0,11688612.5,8495095.0,1665657.5,258292952.5,-249444902.5,-4718960.0,10574145.0,-10378327.5,9336385.0,1155565.0,3336150.0,-355372.5,536685.0,7165470.0,4743135.0,7022837.5,8120382.5,21610032.5,-241024750.0,254137270.0,-3531967.5,5555415.0,9058372.5,-14098860.0,267443190.0,-252382165.0,18762217.5,-2731775.0,7791602.5,3964700.0,16526030.0,-9355725.0,454490.0
"a,r",-179356317.0,188981163.0,7727286.0,8495095.0,6174098.0,1210573.0,187723151.0,-181292531.0,-3429664.0,7685118.0,-7542801.0,6785534.0,839846.0,2424660.0,-258279.0,390054.0,5207748.0,3447234.0,5104085.0,5901763.0,15705823.0,-175172900.0,184702868.0,-2566977.0,4037586.0,6583479.0,-10246824.0,194373396.0,-183427286.0,13636077.0,-1985410.0,5662811.0,2881480.0,12010852.0,-6799590.0,330316.0
"a,v",-35166904.5,37054075.5,1515111.0,1665657.5,1210573.0,237360.5,36807413.5,-35546543.5,-672464.0,1506843.0,-1478938.5,1330459.0,164671.0,475410.0,-50641.5,76479.0,1021098.0,675909.0,1000772.5,1157175.5,3079485.5,-34346650.0,36215218.0,-503314.5,791661.0,1290841.5,-2009124.0,38111346.0,-35965111.0,2673664.5,-389285.0,1110323.5,564980.0,2355002.0,-1333215.0,64766.0
"d,a",-5453320141.5,5745963118.5,234947757.0,258292952.5,187723151.0,36807413.5,5707713324.5,-5512190634.5,-104278768.0,233665641.0,-229338499.5,206313833.0,25535477.0,73721670.0,-7852960.5,11859573.0,158341326.0,104812983.0,155189457.5,179442818.5,477534788.5,-5326123550.0,5615881766.0,-78048811.5,122762607.0,200170360.5,-311554188.0,5909913702.0,-5577097757.0,414604261.5,-60366295.0,172177494.5,87611260.0,365189374.0,-206741205.0,10043242.0
"d,d",5266511911.5,-5549130148.5,-226899417.0,-249444902.5,-181292531.0,-35546543.5,-5512190634.5,5323365744.5,100706608.0,-225661221.0,221482309.5,-199246373.0,-24660737.0,-71196270.0,7583950.5,-11453313.0,-152917206.0,-101222523.0,-149873307.5,-173295848.5,-461176418.5,5143672550.0,-5423504846.0,75375181.5,-118557267.0,-193313350.5,300881628.0,-5707464462.0,5386049417.0,-400401631.5,58298395.0,-166279404.5,-84610060.0,-352679494.0,199659105.0,-9699202.0
"d,h",99631056.0,-104977584.0,-4292448.0,-4718960.0,-3429664.0,-672464.0,-104278768.0,100706608.0,1905152.0,-4269024.0,4189968.0,-3769312.0,-466528.0,-1346880.0,143472.0,-216672.0,-2892864.0,-1914912.0,-2835280.0,-3278384.0,-8724464.0,97307200.0,-102601024.0,1425936.0,-2242848.0,-3657072.0,5692032.0,-107972928.0,101892448.0,-7574736.0,1102880.0,-3145648.0,-1600640.0,-6671936.0,3777120.0,-183488.0
"d,l",-223251147.0,235231533.0,9618426.0,10574145.0,7685118.0,1506843.0,233665641.0,-225661221.0,-4269024.0,9565938.0,-9388791.0,8446194.0,1045386.0,3018060.0,-321489.0,485514.0,6482268.0,4290894.0,6353235.0,7346133.0,19549593.0,-218043900.0,229906188.0,-3195207.0,5025726.0,8194689.0,-12754584.0,241943436.0,-228318426.0,16973307.0,-2471310.0,7048701.0,3586680.0,14950332.0,-8463690.0,411156.0
"d,r",219116866.5,-230875393.5,-9440307.0,-10378327.5,-7542801.0,-1478938.5,-229338499.5,221482309.5,4189968.0,-9388791.0,9214924.5,-8289783.0,-1026027.0,-2962170.0,315535.5,-476523.0,-6362226.0,-4211433.0,-6235582.5,-7210093.5,-19187563.5,214006050.0,-225648666.0,3136036.5,-4932657.0,-8042935.5,12518388.0,-237463002.0,224090307.0,-16658986.5,2425545.0,-6918169.5,-3520260.0,-14673474.0,8306955.0,-403542.0
"d,v",-197118411.0,207696429.0,8492538.0,9336385.0,6785534.0,1330459.0,206313833.0,-199246373.0,-3769312.0,8446194.0,-8289783.0,7457522.0,923018.0,2664780.0,-283857.0,428682.0,5723484.0,3788622.0,5609555.0,6486229.0,17261209.0,-192520700.0,202994444.0,-2821191.0,4437438.0,7235457.0,-11261592.0,213622668.0,-201592538.0,14986491.0,-2182030.0,6223613.0,3166840.0,13200316.0,-7472970.0,363028.0
"h,a",-24397359.0,25706601.0,1051122.0,1155565.0,839846.0,164671.0,25535477.0,-24660737.0,-466528.0,1045386.0,-1026027.0,923018.0,114242.0,329820.0,-35133.0,53058.0,708396.0,468918.0,694295.0,802801.0,2136421.0,-23828300.0,25124636.0,-349179.0,549222.0,895533.0,-1393848.0,26440092.0,-24951122.0,1854879.0,-270070.0,770297.0,391960.0,1633804.0,-924930.0,44932.0
"h,d",-70435890.0,74215710.0,3034620.0,3336150.0,2424660.0,475410.0,73721670.0,-71196270.0,-1346880.0,3018060.0,-2962170.0,2664780.0,329820.0,952200.0,-101430.0,153180.0,2045160.0,1353780.0,2004450.0,2317710.0,6167910.0,-68793000.0,72535560.0,-1008090.0,1585620.0,2585430.0,-4024080.0,76333320.0,-72034620.0,5355090.0,-779700.0,2223870.0,1131600.0,4716840.0,-2670300.0,129720.0
"h,h",7502953.5,-7905586.5,-323253.0,-355372.5,-258279.0,-50641.5,-7852960.5,7583950.5,143472.0,-321489.0,315535.5,-283857.0,-35133.0,-101430.0,10804.5,-16317.0,-217854.0,-144207.0,-213517.5,-246886.5,-657016.5,7327950.0,-7726614.0,107383.5,-168903.0,-275404.5,428652.0,-8131158.0,7673253.0,-570433.5,83055.0,-236890.5,-120540.0,-502446.0,284445.0,-13818.0
"h,l",-11330991.0,11939049.0,488178.0,536685.0,390054.0,76479.0,11859573.0,-11453313.0,-216672.0,485514.0,-476523.0,428682.0,53058.0,153180.0,-16317.0,24642.0,329004.0,217782.0,322455.0,372849.0,992229.0,-11066700.0,11668764.0,-162171.0,255078.0,415917.0,-647352.0,12279708.0,-11588178.0,861471.0,-125430.0,357753.0,182040.0,758796.0,-429570.0,20868.0
"h,r",-151284042.0,159402438.0,6517836.0,7165470.0,5207748.0,1021098.0,158341326.0,-152917206.0,-2892864.0,6482268.0,-6362226.0,5723484.0,708396.0,2045160.0,-217854.0,329004.0,4392648.0,2907684.0,4305210.0,4978038.0,13247598.0,-147755400.0,155793768.0,-2165202.0,3405636.0,5553054.0,-8643024.0,163950696.0,-154717836.0,11501802.0,-1674660.0,4776486.0,2430480.0,10130952.0,-5735340.0,278616.0
"h,v",-100141461.0,105515379.0,4314438.0,4743135.0,3447234.0,675909.0,104812983.0,-101222523.0,-1914912.0,4290894.0,-4211433.0,3788622.0,468918.0,1353780.0,-144207.0,217782.0,2907684.0,1924722.0,2849805.0,3295179.0,8769159.0,-97805700.0,103126644.0,-1433241.0,2254338.0,3675807.0,-5721192.0,108526068.0,-102414438.0,7613541.0,-1108530.0,3161763.0,1608840.0,6706116.0,-3796470.0,184428.0
"l,a",-148272652.5,156229447.5,6388095.0,7022837.5,5104085.0,1000772.5,155189457.5,-149873307.5,-2835280.0,6353235.0,-6235582.5,5609555.0,694295.0,2004450.0,-213517.5,322455.0,4305210.0,2849805.0,4219512.5,4878947.5,12983897.5,-144814250.0,152692610.0,-2122102.5,3337845.0,5442517.5,-8470980.0,160687170.0,-151638095.0,11272852.5,-1641325.0,4681407.5,2382100.0,9929290.0,-5621175.0,273070.0
"l,d",-171445039.5,180645340.5,7386441.0,8120382.5,5901763.0,1157175.5,179442818.5,-173295848.5,-3278384.0,7346133.0,-7210093.5,6486229.0,802801.0,2317710.0,-246886.5,372849.0,4978038.0,3295179.0,4878947.5,5641440.5,15013050.5,-167446150.0,176555758.0,-2453749.5,3859491.0,6293086.5,-9794844.0,185799726.0,-175336441.0,13034599.5,-1897835.0,5413028.5,2754380.0,11481062.0,-6499665.0,315746.0
"l,h",-456251029.5,480734950.5,19656861.0,21610032.5,15705823.0,3079485.5,477534788.5,-461176418.5,-8724464.0,19549593.0,-19187563.5,17261209.0,2136421.0,6167910.0,-657016.5,992229.0,13247598.0,8769159.0,12983897.5,15013050.5,39952860.5,-445609150.0,469851718.0,-6529939.5,10270911.0,16747216.5,-26066124.0,494451846.0,-466606861.0,34687789.5,-5050535.0,14405198.5,7329980.0,30553502.0,-17296965.0,840266.0
"l,l",5088737850.0,-5361816150.0,-219240300.0,-241024750.0,-175172900.0,-34346650.0,-5326123550.0,5143672550.0,97307200.0,-218043900.0,214006050.0,-192520700.0,-23828300.0,-68793000.0,7327950.0,-11066700.0,-147755400.0,-97805700.0,-144814250.0,-167446150.0,-445609150.0,4970045000.0,-5240431400.0,72830850.0,-114555300.0,-186787950.0,290725200.0,-5514805800.0,5204240300.0,-386885850.0,56330500.0,-160666550.0,-81754000.0,-340774600.0,192919500.0,-9371800.0
"l,r",-5365581522.0,5653516158.0,231167676.0,254137270.0,184702868.0,36215218.0,5615881766.0,-5423504846.0,-102601024.0,229906188.0,-225648666.0,202994444.0,25124636.0,72535560.0,-7726614.0,11668764.0,155793768.0,103126644.0,152692610.0,176555758.0,469851718.0,-5240431400.0,5525527688.0,-76793082.0,120787476.0,196949814.0,-306541584.0,5814828936.0,-5487367676.0,407933682.0,-59395060.0,169407326.0,86201680.0,359313832.0,-203414940.0,9881656.0
"l,v",74570170.5,-78571849.5,-3212739.0,-3531967.5,-2566977.0,-503314.5,-78048811.5,75375181.5,1425936.0,-3195207.0,3136036.5,-2821191.0,-349179.0,-1008090.0,107383.5,-162171.0,-2165202.0,-1433241.0,-2122102.5,-2453749.5,-6529939.5,72830850.0,-76793082.0,1067260.5,-1678689.0,-2737183.5,4260276.0,-80813754.0,76262739.0,-5669410.5,825465.0,-2354401.5,-1198020.0,-4993698.0,2827035.0,-137334.0
"r,a",-117291069.0,123585291.0,5053302.0,5555415.0,4037586.0,791661.0,122762607.0,-118557267.0,-2242848.0,5025726.0,-4932657.0,4437438.0,549222.0,1585620.0,-168903.0,255078.0,3405636.0,2254338.0,3337845.0,3859491.0,10270911.0,-114555300.0,120787476.0,-1678689.0,2640402.0,4305303.0,-6700968.0,127111572.0,-119953302.0,8917389.0,-1298370.0,3703227.0,1884360.0,7854564.0,-4446630.0,216012.0
"r,d",-191248753.5,201511786.5,8239653.0,9058372.5,6583479.0,1290841.5,200170360.5,-193313350.5,-3657072.0,8194689.0,-8042935.5,7235457.0,895533.0,2585430.0,-275404.5,415917.0,5553054.0,3675807.0,5442517.5,6293086.5,16747216.5,-186787950.0,196949814.0,-2737183.5,4305303.0,7020004.5,-10926252.0,207261558.0,-195589653.0,14540233.5,-2117055.0,6038290.5,3072540.0,12807246.0,-7250445.0,352218.0
"r,h",297668196.0,-313642044.0,-12824568.0,-14098860.0,-10246824.0,-2009124.0,-311554188.0,300881628.0,5692032.0,-12754584.0,12518388.0,-11261592.0,-1393848.0,-4024080.0,428652.0,-647352.0,-8643024.0,-5721192.0,-8470980.0,-9794844.0,-26066124.0,290725200.0,-306541584.0,4260276.0,-6700968.0,-10926252.0,17006112.0,-322591248.0,304424568.0,-22631076.0,3295080.0,-9398268.0,-4782240.0,-19933776.0,11284920.0,-548208.0
"r,l",-5646508434.0,5949518526.0,243270972.0,267443190.0,194373396.0,38111346.0,5909913702.0,-5707464462.0,-107972928.0,241943436.0,-237463002.0,213622668.0,26440092.0,76333320.0,-8131158.0,12279708.0,163950696.0,108526068.0,160687170.0,185799726.0,494451846.0,-5514805800.0,5814828936.0,-80813754.0,127111572.0,207261558.0,-322591248.0,6119277192.0,-5774670972.0,429291954.0,-62504820.0,178277022.0,90714960.0,378126504.0,-214065180.0,10399032.0
"r,r",5328526119.0,-5614472241.0,-229571202.0,-252382165.0,-183427286.0,-35965111.0,-5577097757.0,5386049417.0,101892448.0,-228318426.0,224090307.0,-201592538.0,-24951122.0,-72034620.0,7673253.0,-11588178.0,-154717836.0,-102414438.0,-151638095.0,-175336441.0,-466606861.0,5204240300.0,-5487367676.0,76262739.0,-119953302.0,-195589653.0,304424568.0,-5774670972.0,5449471202.0,-405116439.0,58984870.0,-168237377.0,-85606360.0,-356832364.0,202010130.0,-9813412.0
"r,v",-396125320.5,417382699.5,17066439.0,18762217.5,13636077.0,2673664.5,414604261.5,-400401631.5,-7574736.0,16973307.0,-16658986.5,14986491.0,1854879.0,5355090.0,-570433.5,861471.0,11501802.0,7613541.0,11272852.5,13034599.5,34687789.5,-386885850.0,407933682.0,-5669410.5,8917389.0,14540233.5,-22631076.0,429291954.0,-405116439.0,30116560.5,-4384965.0,12506851.5,6364020.0,26527098.0,-15017535.0,729534.0
"v,a",57675765.0,-60770835.0,-2484870.0,-2731775.0,-1985410.0,-389285.0,-60366295.0,58298395.0,1102880.0,-2471310.0,2425545.0,-2182030.0,-270070.0,-779700.0,83055.0,-125430.0,-1674660.0,-1108530.0,-1641325.0,-1897835.0,-5050535.0,56330500.0,-59395060.0,825465.0,-1298370.0,-2117055.0,3295080.0,-62504820.0,58984870.0,-4384965.0,638450.0,-1820995.0,-926600.0,-3862340.0,2186550.0,-106220.0
"v,d",-164503531.5,173331328.5,7087377.0,7791602.5,5662811.0,1110323.5,172177494.5,-166279404.5,-3145648.0,7048701.0,-6918169.5,6223613.0,770297.0,2223870.0,-236890.5,357753.0,4776486.0,3161763.0,4681407.5,5413028.5,14405198.5,-160666550.0,169407326.0,-2354401.5,3703227.0,6038290.5,-9398268.0,178277022.0,-168237377.0,12506851.5,-1820995.0,5193864.5,2642860.0,11016214.0,-6236505.0,302962.0
"v,h",-83706420.0,88198380.0,3606360.0,3964700.0,2881480.0,564980.0,87611260.0,-84610060.0,-1600640.0,3586680.0,-3520260.0,3166840.0,391960.0,1131600.0,-120540.0,182040.0,2430480.0,1608840.0,2382100.0,2754380.0,7329980.0,-81754000.0,86201680.0,-1198020.0,1884360.0,3072540.0,-4782240.0,90714960.0,-85606360.0,6364020.0,-926600.0,2642860.0,1344800.0,5605520.0,-3173400.0,154160.0
"v,l",-348912858.0,367636662.0,15032364.0,16526030.0,12010852.0,2355002.0,365189374.0,-352679494.0,-6671936.0,14950332.0,-14673474.0,13200316.0,1633804.0,4716840.0,-502446.0,758796.0,10130952.0,6706116.0,9929290.0,11481062.0,30553502.0,-340774600.0,359313832.0,-4993698.0,7854564.0,12807246.0,-19933776.0,378126504.0,-356832364.0,26527098.0,-3862340.0,11016214.0,5605520.0,23365448.0,-13227660.0,642584.0
"v,r",197526735.0,-208126665.0,-8510130.0,-9355725.0,-6799590.0,-1333215.0,-206741205.0,199659105.0,3777120.0,-8463690.0,8306955.0,-7472970.0,-924930.0,-2670300.0,284445.0,-429570.0,-5735340.0,-3796470.0,-5621175.0,-6499665.0,-17296965.0,192919500.0,-203414940.0,2827035.0,-4446630.0,-7250445.0,11284920.0,-214065180.0,202010130.0,-15017535.0,2186550.0,-6236505.0,-3173400.0,-13227660.0,7488450.0,-363780.0
"v,v",-9595614.0,10110546.0,413412.0,454490.0,330316.0,64766.0,10043242.0,-9699202.0,-183488.0,411156.0,-403542.0,363028.0,44932.0,129720.0,-13818.0,20868.0,278616.0,184428.0,273070.0,315746.0,840266.0,-9371800.0,9881656.0,-137334.0,216012.0,352218.0,-548208.0,10399032.0,-9813412.0,729534.0,-106220.0,302962.0,154160.0,642584.0,-363780.0,17672.0
